Steps,Bet,Reward,Points,Average
1,2,0,998,0.0
2,1,1,998,0.5
3,1,1,998,0.6666666666666666
4,1,0,997,0.5
5,1,0,996,0.4
6,1,0,995,0.3333333333333333
7,1,16,1010,2.5714285714285716
8,1,0,1009,2.25
9,1,0,1008,2.0
10,1,0,1007,1.8
11,1,0,1006,1.6363636363636365
12,1,2,1007,1.6666666666666667
13,16,32,1023,4.0
14,16,0,1007,3.7142857142857144
15,4,0,1003,3.466666666666667
16,16,0,987,3.25
17,1,0,986,3.0588235294117645
18,16,0,970,2.888888888888889
19,1,1,970,2.789473684210526
20,1,0,969,2.65
21,16,0,953,2.5238095238095237
22,1,2,954,2.5
23,1,0,953,2.391304347826087
24,1,0,952,2.2916666666666665
25,1,0,951,2.2
26,16,0,935,2.1153846153846154
27,1,8,942,2.3333333333333335
28,1,0,941,2.25
29,1,0,940,2.1724137931034484
30,1,0,939,2.1
31,1,1,939,2.064516129032258
32,1,2,940,2.0625
33,4,0,936,2.0
34,1,0,935,1.9411764705882353
35,1,2,936,1.9428571428571428
36,1,0,935,1.8888888888888888
37,1,0,934,1.837837837837838
38,1,16,949,2.210526315789474
39,1,0,948,2.1538461538461537
40,1,0,947,2.1
41,1,2,948,2.097560975609756
42,1,0,947,2.0476190476190474
43,1,2,948,2.046511627906977
44,1,1,948,2.022727272727273
45,1,0,947,1.9777777777777779
46,1,4,950,2.0217391304347827
47,1,0,949,1.9787234042553192
48,1,0,948,1.9375
49,1,0,947,1.8979591836734695
50,1,1,947,1.88
51,1,2,948,1.8823529411764706
52,1,4,951,1.9230769230769231
53,1,4,954,1.9622641509433962
54,1,0,953,1.9259259259259258
55,1,2,954,1.9272727272727272
56,1,2,955,1.9285714285714286
57,1,2,956,1.9298245614035088
58,32,0,924,1.896551724137931
59,1,0,923,1.8644067796610169
60,1,2,924,1.8666666666666667
61,8,8,924,1.9672131147540983
62,8,32,948,2.4516129032258065
63,8,0,940,2.4126984126984126
64,8,0,932,2.375
65,4,0,928,2.3384615384615386
66,1,2,929,2.3333333333333335
67,1,16,944,2.537313432835821
68,1,4,947,2.5588235294117645
69,1,4,950,2.579710144927536
70,1,1,950,2.557142857142857
71,1,0,949,2.5211267605633805
72,8,16,957,2.7083333333333335
73,8,0,949,2.671232876712329
74,1,0,948,2.635135135135135
75,8,16,956,2.8133333333333335
76,8,0,948,2.776315789473684
77,8,32,972,3.155844155844156
78,8,0,964,3.1153846153846154
79,8,32,988,3.481012658227848
80,8,0,980,3.4375
81,8,32,1004,3.7901234567901234
82,8,0,996,3.7439024390243905
83,8,8,996,3.7951807228915664
84,8,0,988,3.75
85,8,0,980,3.7058823529411766
86,8,0,972,3.6627906976744184
87,1,0,971,3.6206896551724137
88,8,0,963,3.5795454545454546
89,1,4,966,3.5842696629213484
90,32,64,998,4.2555555555555555
91,32,0,966,4.208791208791209
92,32,0,934,4.163043478260869
93,1,2,935,4.139784946236559
94,1,0,934,4.095744680851064
95,32,0,902,4.052631578947368
96,1,4,905,4.052083333333333
97,1,4,908,4.051546391752577
98,1,0,907,4.010204081632653
99,1,0,906,3.9696969696969697
100,32,0,874,3.93
101,2,0,872,3.891089108910891
102,1,16,887,4.009803921568627
103,1,0,886,3.970873786407767
104,1,4,889,3.9711538461538463
105,1,0,888,3.933333333333333
106,1,1,888,3.9056603773584904
107,1,0,887,3.869158878504673
108,1,0,886,3.8333333333333335
109,32,256,1110,6.146788990825688
110,32,0,1078,6.090909090909091
111,32,0,1046,6.036036036036036
112,32,64,1078,6.553571428571429
113,32,64,1110,7.061946902654867
114,32,0,1078,7.0
115,32,0,1046,6.939130434782609
116,4,8,1050,6.948275862068965
117,4,32,1078,7.162393162393163
118,4,0,1074,7.101694915254237
119,4,8,1078,7.109243697478991
120,8,0,1070,7.05
121,4,0,1066,6.991735537190083
122,32,0,1034,6.934426229508197
123,4,0,1030,6.878048780487805
124,32,0,998,6.82258064516129
125,4,0,994,6.768
126,32,0,962,6.714285714285714
127,4,8,966,6.724409448818897
128,4,8,970,6.734375
129,4,0,966,6.682170542635659
130,4,0,962,6.630769230769231
131,4,16,974,6.702290076335878
132,4,0,970,6.651515151515151
133,4,0,966,6.601503759398496
134,4,0,962,6.552238805970149
135,4,0,958,6.503703703703704
136,1,0,957,6.455882352941177
137,4,4,957,6.437956204379562
138,4,0,953,6.391304347826087
139,32,0,921,6.345323741007194
140,4,4,921,6.328571428571428
141,4,0,917,6.283687943262412
142,4,0,913,6.23943661971831
143,16,0,897,6.195804195804196
144,4,16,909,6.263888888888889
145,4,0,905,6.220689655172414
146,4,16,917,6.287671232876712
147,4,0,913,6.244897959183674
148,4,0,909,6.202702702702703
149,4,4,909,6.1879194630872485
150,4,0,905,6.1466666666666665
151,4,0,901,6.105960264900662
152,4,8,905,6.118421052631579
153,4,0,901,6.078431372549019
154,4,0,897,6.038961038961039
155,4,0,893,6.0
156,4,0,889,5.961538461538462
157,4,8,893,5.974522292993631
158,4,0,889,5.936708860759493
159,4,4,889,5.9245283018867925
160,4,0,885,5.8875
161,4,0,881,5.850931677018633
162,4,0,877,5.814814814814815
163,4,8,881,5.828220858895706
164,4,8,885,5.841463414634147
165,4,0,881,5.806060606060606
166,4,0,877,5.771084337349397
167,4,16,889,5.832335329341317
168,4,0,885,5.7976190476190474
169,4,0,881,5.763313609467455
170,4,0,877,5.729411764705882
171,4,8,881,5.742690058479532
172,4,4,881,5.732558139534884
173,4,16,893,5.791907514450867
174,4,0,889,5.758620689655173
175,4,8,893,5.771428571428571
176,4,0,889,5.738636363636363
177,2,0,887,5.706214689265536
178,4,16,899,5.764044943820225
179,4,0,895,5.731843575418995
180,4,16,907,5.788888888888889
181,4,8,911,5.801104972375691
182,16,16,911,5.857142857142857
183,16,0,895,5.825136612021858
184,4,0,891,5.793478260869565
185,16,0,875,5.762162162162162
186,4,0,871,5.731182795698925
187,16,0,855,5.7005347593582885
188,4,0,851,5.670212765957447
189,16,0,835,5.64021164021164
190,4,0,831,5.610526315789474
191,16,16,831,5.664921465968586
192,16,64,879,5.96875
193,16,0,863,5.937823834196891
194,16,16,863,5.989690721649485
195,16,0,847,5.958974358974359
196,16,0,831,5.928571428571429
197,8,0,823,5.898477157360406
198,8,16,831,5.94949494949495
199,8,0,823,5.919597989949748
200,8,0,815,5.89
201,16,0,799,5.8606965174129355
202,8,0,791,5.8316831683168315
203,16,0,775,5.802955665024631
204,8,32,799,5.931372549019608
205,8,0,791,5.902439024390244
206,8,0,783,5.87378640776699
207,8,8,783,5.884057971014493
208,8,0,775,5.855769230769231
209,8,32,799,5.980861244019139
210,8,0,791,5.9523809523809526
211,8,8,791,5.962085308056872
212,8,0,783,5.933962264150943
213,8,0,775,5.906103286384977
214,8,0,767,5.878504672897196
215,8,32,791,6.0
216,8,0,783,5.972222222222222
217,8,0,775,5.944700460829493
218,8,0,767,5.91743119266055
219,8,32,791,6.036529680365297
220,8,32,815,6.154545454545454
221,8,0,807,6.126696832579186
222,8,8,807,6.135135135135135
223,8,0,799,6.1076233183856505
224,8,0,791,6.080357142857143
225,8,0,783,6.053333333333334
226,8,16,791,6.097345132743363
227,8,0,783,6.070484581497797
228,8,0,775,6.043859649122807
229,8,0,767,6.0174672489082965
230,8,0,759,5.991304347826087
231,16,0,743,5.965367965367966
232,8,0,735,5.939655172413793
233,4,8,739,5.948497854077253
234,4,0,735,5.923076923076923
235,1,0,734,5.897872340425532
236,4,0,730,5.872881355932203
237,4,0,726,5.848101265822785
238,1,4,729,5.840336134453781
239,2,8,735,5.849372384937238
240,2,0,733,5.825
241,1,0,732,5.800829875518672
242,2,0,730,5.776859504132231
243,1,0,729,5.753086419753086
244,2,4,731,5.745901639344262
245,2,2,731,5.7306122448979595
246,2,0,729,5.7073170731707314
247,2,0,727,5.684210526315789
248,1,0,726,5.661290322580645
249,2,0,724,5.63855421686747
250,4,32,752,5.744
251,4,0,748,5.721115537848606
252,4,8,752,5.73015873015873
253,4,0,748,5.707509881422925
254,4,0,744,5.68503937007874
255,4,16,756,5.7254901960784315
256,4,0,752,5.703125
257,4,0,748,5.680933852140078
258,4,0,744,5.658914728682171
259,4,0,740,5.637065637065637
260,1,0,739,5.615384615384615
261,4,0,735,5.593869731800766
262,2,0,733,5.572519083969466
263,1,1,733,5.555133079847908
264,1,0,732,5.534090909090909
265,1,0,731,5.513207547169811
266,1,0,730,5.492481203007519
267,1,0,729,5.47191011235955
268,16,32,745,5.57089552238806
269,16,0,729,5.550185873605948
270,16,0,713,5.529629629629629
271,16,0,697,5.509225092250922
272,16,0,681,5.488970588235294
273,16,32,697,5.586080586080586
274,16,0,681,5.565693430656935
275,16,64,729,5.778181818181818
276,16,0,713,5.757246376811594
277,16,0,697,5.736462093862816
278,16,256,937,6.636690647482014
279,16,0,921,6.612903225806452
280,16,16,921,6.646428571428571
281,16,16,921,6.679715302491103
282,16,16,921,6.712765957446808
283,16,16,921,6.745583038869258
284,16,32,937,6.834507042253521
285,16,0,921,6.810526315789474
286,16,32,937,6.898601398601398
287,16,0,921,6.874564459930314
288,16,0,905,6.850694444444445
289,16,0,889,6.826989619377162
290,16,64,937,7.024137931034483
291,16,32,953,7.109965635738831
292,16,0,937,7.085616438356165
293,32,0,905,7.061433447098976
294,16,64,953,7.255102040816326
295,4,0,949,7.230508474576271
296,4,0,945,7.206081081081081
297,4,16,957,7.235690235690235
298,16,0,941,7.2114093959731544
299,4,4,941,7.20066889632107
300,16,16,941,7.23
301,16,0,925,7.205980066445183
302,4,0,921,7.182119205298013
303,16,32,937,7.264026402640264
304,16,0,921,7.240131578947368
305,16,0,905,7.216393442622951
306,4,8,909,7.218954248366013
307,4,32,937,7.299674267100977
308,4,0,933,7.275974025974026
309,4,0,929,7.252427184466019
310,4,0,925,7.2290322580645165
311,16,32,941,7.308681672025723
312,16,0,925,7.285256410256411
313,16,16,925,7.313099041533547
314,1,1,925,7.292993630573249
315,16,0,909,7.26984126984127
316,16,0,893,7.246835443037975
317,1,1,893,7.2271293375394325
318,1,2,894,7.210691823899371
319,1,2,895,7.19435736677116
320,1,0,894,7.171875
321,16,16,894,7.1993769470404985
322,16,0,878,7.1770186335403725
323,16,0,862,7.154798761609907
324,16,16,862,7.182098765432099
325,16,0,846,7.16
326,16,64,894,7.3343558282208585
327,16,0,878,7.3119266055045875
328,16,0,862,7.289634146341464
329,16,0,846,7.267477203647417
330,16,0,830,7.245454545454545
331,1,2,831,7.229607250755287
332,1,0,830,7.207831325301205
333,1,4,833,7.198198198198198
334,4,4,833,7.188622754491018
335,1,1,833,7.170149253731343
336,4,4,833,7.160714285714286
337,4,4,833,7.1513353115727005
338,4,0,829,7.1301775147929
339,1,0,828,7.109144542772861
340,4,0,824,7.088235294117647
341,1,1,824,7.070381231671554
342,1,0,823,7.049707602339181
343,1,0,822,7.029154518950437
344,4,4,822,7.020348837209302
345,4,0,818,7.0
346,4,4,818,6.991329479768786
347,4,4,818,6.982708933717579
348,4,0,814,6.962643678160919
349,4,0,810,6.9426934097421205
350,4,4,810,6.934285714285714
351,4,0,806,6.914529914529915
352,8,0,798,6.894886363636363
353,4,8,802,6.898016997167139
354,4,0,798,6.878531073446328
355,4,16,810,6.904225352112676
356,4,4,810,6.896067415730337
357,4,0,806,6.8767507002801125
358,4,0,802,6.85754189944134
359,4,0,798,6.838440111420613
360,8,0,790,6.819444444444445
361,16,32,806,6.889196675900277
362,16,64,854,7.04696132596685
363,16,0,838,7.027548209366391
364,16,0,822,7.008241758241758
365,16,16,822,7.032876712328767
366,16,0,806,7.0136612021857925
367,16,0,790,6.994550408719346
368,16,32,806,7.0625
369,16,16,806,7.086720867208672
370,16,16,806,7.110810810810811
371,16,16,806,7.1347708894878705
372,16,0,790,7.115591397849462
373,16,16,790,7.13941018766756
374,16,0,774,7.120320855614973
375,16,32,790,7.1866666666666665
376,16,128,902,7.507978723404255
377,8,0,894,7.4880636604774535
378,16,0,878,7.468253968253968
379,16,32,894,7.532981530343008
380,16,32,910,7.597368421052631
381,2,0,908,7.57742782152231
382,16,0,892,7.557591623036649
383,16,0,876,7.537859007832898
384,16,0,860,7.518229166666667
385,16,0,844,7.498701298701299
386,16,0,828,7.479274611398964
387,4,8,832,7.48062015503876
388,4,0,828,7.461340206185567
389,4,0,824,7.442159383033419
390,4,0,820,7.423076923076923
391,4,0,816,7.404092071611253
392,1,0,815,7.385204081632653
393,4,0,811,7.366412213740458
394,16,64,859,7.51015228426396
395,16,32,875,7.572151898734178
396,16,0,859,7.553030303030303
397,16,64,907,7.69521410579345
398,16,0,891,7.675879396984925
399,4,0,887,7.656641604010025
400,16,0,871,7.6375
401,16,0,855,7.618453865336658
402,16,16,855,7.6393034825870645
403,16,0,839,7.620347394540943
404,16,0,823,7.601485148514851
405,16,16,823,7.622222222222222
406,16,16,823,7.642857142857143
407,16,0,807,7.624078624078624
408,32,0,775,7.605392156862745
409,8,0,767,7.58679706601467
410,16,0,751,7.568292682926829
411,16,32,767,7.627737226277373
412,16,16,767,7.648058252427185
413,32,128,863,7.939467312348668
414,32,64,895,8.07487922705314
415,32,0,863,8.055421686746987
416,16,0,847,8.036057692307692
417,32,0,815,8.016786570743406
418,16,32,831,8.074162679425838
419,16,0,815,8.05489260143198
420,8,0,807,8.035714285714286
421,16,64,855,8.168646080760094
422,16,64,903,8.300947867298579
423,16,16,903,8.319148936170214
424,16,16,903,8.337264150943396
425,16,32,919,8.392941176470588
426,16,16,919,8.410798122065728
427,16,0,903,8.391100702576113
428,16,16,903,8.408878504672897
429,16,0,887,8.389277389277389
430,32,64,919,8.518604651162791
431,32,0,887,8.498839907192576
432,32,64,919,8.627314814814815
433,32,32,919,8.681293302540416
434,32,128,1015,8.956221198156681
435,32,0,983,8.935632183908046
436,32,0,951,8.9151376146789
437,32,64,983,9.041189931350115
438,32,0,951,9.020547945205479
439,32,32,951,9.072892938496583
440,32,0,919,9.052272727272728
441,32,32,919,9.104308390022675
442,32,0,887,9.083710407239819
443,8,0,879,9.063205417607223
444,32,0,847,9.042792792792794
445,16,0,831,9.02247191011236
446,32,0,799,9.002242152466367
447,16,0,783,8.982102908277405
448,32,0,751,8.962053571428571
449,16,0,735,8.942093541202672
450,32,64,767,9.064444444444444
451,32,64,799,9.186252771618625
452,32,0,767,9.165929203539823
453,32,0,735,9.14569536423841
454,16,0,719,9.125550660792952
455,32,64,751,9.246153846153845
456,32,32,751,9.296052631578947
457,32,0,719,9.275711159737417
458,32,0,687,9.255458515283843
459,32,0,655,9.235294117647058
460,32,0,623,9.215217391304348
461,32,0,591,9.195227765726681
462,32,64,623,9.313852813852813
463,32,0,591,9.293736501079914
464,32,0,559,9.273706896551724
465,32,128,655,9.529032258064516
466,32,0,623,9.508583690987125
467,32,0,591,9.488222698072805
468,32,0,559,9.467948717948717
469,32,0,527,9.447761194029852
470,32,128,623,9.7
471,32,0,591,9.679405520169851
472,32,0,559,9.658898305084746
473,32,0,527,9.638477801268499
474,32,0,495,9.618143459915611
475,32,32,495,9.665263157894737
476,4,0,491,9.644957983193278
477,32,0,459,9.624737945492662
478,16,0,443,9.604602510460252
479,32,0,411,9.58455114822547
480,4,16,423,9.597916666666666
481,2,0,421,9.577962577962579
482,4,8,425,9.574688796680498
483,32,64,457,9.687370600414079
484,32,0,425,9.667355371900827
485,2,0,423,9.64742268041237
486,32,0,391,9.627572016460906
487,4,0,387,9.607802874743326
488,32,0,355,9.58811475409836
489,4,8,359,9.584867075664622
490,4,8,363,9.581632653061224
491,4,0,359,9.562118126272912
492,4,0,355,9.542682926829269
493,32,64,387,9.65314401622718
494,32,64,419,9.763157894736842
495,32,0,387,9.743434343434343
496,32,32,387,9.788306451612904
497,32,0,355,9.768611670020121
498,32,64,387,9.877510040160642
499,16,0,371,9.857715430861724
500,32,64,403,9.966
501,32,0,371,9.946107784431138
502,32,0,339,9.926294820717132
503,32,0,307,9.906560636182903
504,32,0,275,9.886904761904763
505,4,0,271,9.867326732673268
506,32,32,271,9.911067193675889
507,32,128,367,10.143984220907297
508,32,32,367,10.187007874015748
509,32,0,335,10.166994106090373
510,32,0,303,10.147058823529411
511,32,0,271,10.12720156555773
512,32,0,239,10.107421875
513,32,64,271,10.212475633528266
514,32,0,239,10.19260700389105
515,32,0,207,10.172815533980582
516,32,0,175,10.1531007751938
517,32,128,271,10.381044487427467
518,32,32,271,10.422779922779922
519,32,32,271,10.464354527938342
520,32,0,239,10.444230769230769
521,32,0,207,10.424184261036467
522,32,128,303,10.649425287356323
523,32,64,335,10.751434034416826
524,32,64,367,10.853053435114504
525,32,0,335,10.832380952380952
526,32,0,303,10.811787072243346
527,32,0,271,10.791271347248577
528,32,0,239,10.770833333333334
529,32,0,207,10.75047258979206
530,4,32,235,10.790566037735848
531,4,8,239,10.785310734463277
532,4,0,235,10.765037593984962
533,4,0,231,10.74484052532833
534,4,0,227,10.724719101123595
535,4,4,227,10.71214953271028
536,4,0,223,10.692164179104477
537,4,0,219,10.672253258845437
538,4,0,215,10.652416356877323
539,4,8,219,10.647495361781075
540,4,16,231,10.657407407407407
541,4,0,227,10.637707948243992
542,4,0,223,10.618081180811808
543,4,0,219,10.598526703499079
544,4,0,215,10.579044117647058
545,4,0,211,10.559633027522937
546,32,0,179,10.54029304029304
547,1,0,178,10.521023765996343
548,4,0,174,10.501824817518248
549,2,4,176,10.489981785063753
550,32,0,144,10.47090909090909
551,2,0,142,10.451905626134302
552,32,0,110,10.432971014492754
553,2,2,110,10.417721518987342
554,2,0,108,10.398916967509026
555,2,0,106,10.38018018018018
556,2,0,104,10.361510791366907
557,2,0,102,10.342908438061041
558,2,0,100,10.324372759856631
559,1,0,99,10.305903398926654
560,4,0,95,10.2875
561,2,0,93,10.269162210338681
562,1,0,92,10.250889679715302
563,4,0,88,10.232682060390763
564,16,0,72,10.214539007092199
565,4,4,72,10.20353982300885
566,4,0,68,10.185512367491166
567,16,32,84,10.223985890652557
568,4,0,80,10.205985915492958
569,16,0,64,10.18804920913884
570,16,0,48,10.170175438596491
571,16,0,32,10.152364273204904
572,16,0,16,10.134615384615385
573,4,8,20,10.13089005235602
574,4,0,16,10.113240418118467
575,4,0,12,10.095652173913043
576,4,4,12,10.085069444444445
577,4,0,8,10.067590987868284
578,4,4,8,10.057093425605537
579,4,8,12,10.053540587219343
580,4,4,12,10.043103448275861
581,4,0,8,10.025817555938039
582,4,0,4,10.008591065292096
583,4,16,16,10.018867924528301
584,4,0,12,10.001712328767123
585,4,8,16,9.998290598290598
586,4,16,28,10.008532423208191
587,16,0,12,9.991482112436115
588,4,0,8,9.974489795918368
589,4,0,4,9.957555178268251
590,4,0,0,9.940677966101696
